,,,,,,
,국어,영어,수학,,,
,90,80,100,,,
